{
 "cells": [
  {
   "cell_type": "code",
   "execution_count": 2,
   "id": "6a2c6e1d",
   "metadata": {},
   "outputs": [],
   "source": [
    "import pandas as pd"
   ]
  },
  {
   "cell_type": "markdown",
   "id": "5fc124f9",
   "metadata": {},
   "source": [
    "## POI raw counts "
   ]
  },
  {
   "cell_type": "markdown",
   "id": "10462744",
   "metadata": {},
   "source": [
    "### Weekend"
   ]
  },
  {
   "cell_type": "code",
   "execution_count": 3,
   "id": "bdcfca93",
   "metadata": {},
   "outputs": [
    {
     "data": {
      "text/html": [
       "<div>\n",
       "<style scoped>\n",
       "    .dataframe tbody tr th:only-of-type {\n",
       "        vertical-align: middle;\n",
       "    }\n",
       "\n",
       "    .dataframe tbody tr th {\n",
       "        vertical-align: top;\n",
       "    }\n",
       "\n",
       "    .dataframe thead th {\n",
       "        text-align: right;\n",
       "    }\n",
       "</style>\n",
       "<table border=\"1\" class=\"dataframe\">\n",
       "  <thead>\n",
       "    <tr style=\"text-align: right;\">\n",
       "      <th></th>\n",
       "      <th>Population density</th>\n",
       "      <th>House/ Apartment</th>\n",
       "      <th>Office</th>\n",
       "      <th>Restaurant/ Café</th>\n",
       "      <th>Leisure/ Recreation</th>\n",
       "      <th>Hospital</th>\n",
       "      <th>Shops</th>\n",
       "      <th>Tram Stops</th>\n",
       "      <th>Bus stops</th>\n",
       "      <th>Train Station</th>\n",
       "      <th>count</th>\n",
       "    </tr>\n",
       "  </thead>\n",
       "  <tbody>\n",
       "    <tr>\n",
       "      <th>Population density</th>\n",
       "      <td>1.000000</td>\n",
       "      <td>0.213187</td>\n",
       "      <td>0.335917</td>\n",
       "      <td>0.410989</td>\n",
       "      <td>0.162232</td>\n",
       "      <td>-0.028199</td>\n",
       "      <td>0.416402</td>\n",
       "      <td>0.475248</td>\n",
       "      <td>0.667403</td>\n",
       "      <td>0.102940</td>\n",
       "      <td>0.440530</td>\n",
       "    </tr>\n",
       "    <tr>\n",
       "      <th>House/ Apartment</th>\n",
       "      <td>0.213187</td>\n",
       "      <td>1.000000</td>\n",
       "      <td>0.450836</td>\n",
       "      <td>0.358242</td>\n",
       "      <td>0.317797</td>\n",
       "      <td>0.697926</td>\n",
       "      <td>0.598025</td>\n",
       "      <td>0.314632</td>\n",
       "      <td>0.436124</td>\n",
       "      <td>0.274505</td>\n",
       "      <td>0.160793</td>\n",
       "    </tr>\n",
       "    <tr>\n",
       "      <th>Office</th>\n",
       "      <td>0.335917</td>\n",
       "      <td>0.450836</td>\n",
       "      <td>1.000000</td>\n",
       "      <td>0.861892</td>\n",
       "      <td>0.577663</td>\n",
       "      <td>0.741962</td>\n",
       "      <td>0.933187</td>\n",
       "      <td>0.307525</td>\n",
       "      <td>0.730901</td>\n",
       "      <td>0.224271</td>\n",
       "      <td>0.644522</td>\n",
       "    </tr>\n",
       "    <tr>\n",
       "      <th>Restaurant/ Café</th>\n",
       "      <td>0.410989</td>\n",
       "      <td>0.358242</td>\n",
       "      <td>0.861892</td>\n",
       "      <td>1.000000</td>\n",
       "      <td>0.515587</td>\n",
       "      <td>0.507582</td>\n",
       "      <td>0.863813</td>\n",
       "      <td>0.314632</td>\n",
       "      <td>0.614539</td>\n",
       "      <td>-0.022875</td>\n",
       "      <td>0.781940</td>\n",
       "    </tr>\n",
       "    <tr>\n",
       "      <th>Leisure/ Recreation</th>\n",
       "      <td>0.162232</td>\n",
       "      <td>0.317797</td>\n",
       "      <td>0.577663</td>\n",
       "      <td>0.515587</td>\n",
       "      <td>1.000000</td>\n",
       "      <td>0.647508</td>\n",
       "      <td>0.451290</td>\n",
       "      <td>0.474996</td>\n",
       "      <td>0.304021</td>\n",
       "      <td>0.247502</td>\n",
       "      <td>0.383089</td>\n",
       "    </tr>\n",
       "    <tr>\n",
       "      <th>Hospital</th>\n",
       "      <td>-0.028199</td>\n",
       "      <td>0.697926</td>\n",
       "      <td>0.741962</td>\n",
       "      <td>0.507582</td>\n",
       "      <td>0.647508</td>\n",
       "      <td>1.000000</td>\n",
       "      <td>0.738880</td>\n",
       "      <td>0.198787</td>\n",
       "      <td>0.418030</td>\n",
       "      <td>0.337530</td>\n",
       "      <td>0.228445</td>\n",
       "    </tr>\n",
       "    <tr>\n",
       "      <th>Shops</th>\n",
       "      <td>0.416402</td>\n",
       "      <td>0.598025</td>\n",
       "      <td>0.933187</td>\n",
       "      <td>0.863813</td>\n",
       "      <td>0.451290</td>\n",
       "      <td>0.738880</td>\n",
       "      <td>1.000000</td>\n",
       "      <td>0.208430</td>\n",
       "      <td>0.764718</td>\n",
       "      <td>0.161374</td>\n",
       "      <td>0.549398</td>\n",
       "    </tr>\n",
       "    <tr>\n",
       "      <th>Tram Stops</th>\n",
       "      <td>0.475248</td>\n",
       "      <td>0.314632</td>\n",
       "      <td>0.307525</td>\n",
       "      <td>0.314632</td>\n",
       "      <td>0.474996</td>\n",
       "      <td>0.198787</td>\n",
       "      <td>0.208430</td>\n",
       "      <td>1.000000</td>\n",
       "      <td>0.331863</td>\n",
       "      <td>0.452287</td>\n",
       "      <td>0.628446</td>\n",
       "    </tr>\n",
       "    <tr>\n",
       "      <th>Bus stops</th>\n",
       "      <td>0.667403</td>\n",
       "      <td>0.436124</td>\n",
       "      <td>0.730901</td>\n",
       "      <td>0.614539</td>\n",
       "      <td>0.304021</td>\n",
       "      <td>0.418030</td>\n",
       "      <td>0.764718</td>\n",
       "      <td>0.331863</td>\n",
       "      <td>1.000000</td>\n",
       "      <td>0.002293</td>\n",
       "      <td>0.594923</td>\n",
       "    </tr>\n",
       "    <tr>\n",
       "      <th>Train Station</th>\n",
       "      <td>0.102940</td>\n",
       "      <td>0.274505</td>\n",
       "      <td>0.224271</td>\n",
       "      <td>-0.022875</td>\n",
       "      <td>0.247502</td>\n",
       "      <td>0.337530</td>\n",
       "      <td>0.161374</td>\n",
       "      <td>0.452287</td>\n",
       "      <td>0.002293</td>\n",
       "      <td>1.000000</td>\n",
       "      <td>-0.030950</td>\n",
       "    </tr>\n",
       "    <tr>\n",
       "      <th>count</th>\n",
       "      <td>0.440530</td>\n",
       "      <td>0.160793</td>\n",
       "      <td>0.644522</td>\n",
       "      <td>0.781940</td>\n",
       "      <td>0.383089</td>\n",
       "      <td>0.228445</td>\n",
       "      <td>0.549398</td>\n",
       "      <td>0.628446</td>\n",
       "      <td>0.594923</td>\n",
       "      <td>-0.030950</td>\n",
       "      <td>1.000000</td>\n",
       "    </tr>\n",
       "  </tbody>\n",
       "</table>\n",
       "</div>"
      ],
      "text/plain": [
       "                     Population density  House/ Apartment    Office  \\\n",
       "Population density             1.000000          0.213187  0.335917   \n",
       "House/ Apartment               0.213187          1.000000  0.450836   \n",
       "Office                         0.335917          0.450836  1.000000   \n",
       "Restaurant/ Café               0.410989          0.358242  0.861892   \n",
       "Leisure/ Recreation            0.162232          0.317797  0.577663   \n",
       "Hospital                      -0.028199          0.697926  0.741962   \n",
       "Shops                          0.416402          0.598025  0.933187   \n",
       "Tram Stops                     0.475248          0.314632  0.307525   \n",
       "Bus stops                      0.667403          0.436124  0.730901   \n",
       "Train Station                  0.102940          0.274505  0.224271   \n",
       "count                          0.440530          0.160793  0.644522   \n",
       "\n",
       "                     Restaurant/ Café  Leisure/ Recreation  Hospital  \\\n",
       "Population density           0.410989             0.162232 -0.028199   \n",
       "House/ Apartment             0.358242             0.317797  0.697926   \n",
       "Office                       0.861892             0.577663  0.741962   \n",
       "Restaurant/ Café             1.000000             0.515587  0.507582   \n",
       "Leisure/ Recreation          0.515587             1.000000  0.647508   \n",
       "Hospital                     0.507582             0.647508  1.000000   \n",
       "Shops                        0.863813             0.451290  0.738880   \n",
       "Tram Stops                   0.314632             0.474996  0.198787   \n",
       "Bus stops                    0.614539             0.304021  0.418030   \n",
       "Train Station               -0.022875             0.247502  0.337530   \n",
       "count                        0.781940             0.383089  0.228445   \n",
       "\n",
       "                        Shops  Tram Stops  Bus stops  Train Station     count  \n",
       "Population density   0.416402    0.475248   0.667403       0.102940  0.440530  \n",
       "House/ Apartment     0.598025    0.314632   0.436124       0.274505  0.160793  \n",
       "Office               0.933187    0.307525   0.730901       0.224271  0.644522  \n",
       "Restaurant/ Café     0.863813    0.314632   0.614539      -0.022875  0.781940  \n",
       "Leisure/ Recreation  0.451290    0.474996   0.304021       0.247502  0.383089  \n",
       "Hospital             0.738880    0.198787   0.418030       0.337530  0.228445  \n",
       "Shops                1.000000    0.208430   0.764718       0.161374  0.549398  \n",
       "Tram Stops           0.208430    1.000000   0.331863       0.452287  0.628446  \n",
       "Bus stops            0.764718    0.331863   1.000000       0.002293  0.594923  \n",
       "Train Station        0.161374    0.452287   0.002293       1.000000 -0.030950  \n",
       "count                0.549398    0.628446   0.594923      -0.030950  1.000000  "
      ]
     },
     "execution_count": 3,
     "metadata": {},
     "output_type": "execute_result"
    }
   ],
   "source": [
    "df=pd.read_csv(r'C:\\Melbourne_Escooter\\RealDataset\\FinalResults\\SuburbWise\\August\\POI calculations\\POI raw counts.csv',encoding='ISO-8859-1')\n",
    "df_WE_m1=pd.read_csv(r'C:\\Melbourne_Escooter\\RealDataset\\FinalResults\\SuburbWise\\August\\start\\__weekend__m1.csv')\n",
    "cafe_start_m1=df.merge(df_WE_m1, how='left', on='suburb')\n",
    "r_m1 = cafe_start_m1.corr(method=\"spearman\")\n",
    "r_m1"
   ]
  },
  {
   "cell_type": "code",
   "execution_count": 4,
   "id": "5686be34",
   "metadata": {},
   "outputs": [
    {
     "data": {
      "text/html": [
       "<div>\n",
       "<style scoped>\n",
       "    .dataframe tbody tr th:only-of-type {\n",
       "        vertical-align: middle;\n",
       "    }\n",
       "\n",
       "    .dataframe tbody tr th {\n",
       "        vertical-align: top;\n",
       "    }\n",
       "\n",
       "    .dataframe thead th {\n",
       "        text-align: right;\n",
       "    }\n",
       "</style>\n",
       "<table border=\"1\" class=\"dataframe\">\n",
       "  <thead>\n",
       "    <tr style=\"text-align: right;\">\n",
       "      <th></th>\n",
       "      <th>Population density</th>\n",
       "      <th>House/ Apartment</th>\n",
       "      <th>Office</th>\n",
       "      <th>Restaurant/ Café</th>\n",
       "      <th>Leisure/ Recreation</th>\n",
       "      <th>Hospital</th>\n",
       "      <th>Shops</th>\n",
       "      <th>Tram Stops</th>\n",
       "      <th>Bus stops</th>\n",
       "      <th>Train Station</th>\n",
       "      <th>count</th>\n",
       "    </tr>\n",
       "  </thead>\n",
       "  <tbody>\n",
       "    <tr>\n",
       "      <th>Population density</th>\n",
       "      <td>1.000000</td>\n",
       "      <td>0.213187</td>\n",
       "      <td>0.335917</td>\n",
       "      <td>0.410989</td>\n",
       "      <td>0.162232</td>\n",
       "      <td>-0.028199</td>\n",
       "      <td>0.416402</td>\n",
       "      <td>0.475248</td>\n",
       "      <td>0.667403</td>\n",
       "      <td>0.102940</td>\n",
       "      <td>0.237624</td>\n",
       "    </tr>\n",
       "    <tr>\n",
       "      <th>House/ Apartment</th>\n",
       "      <td>0.213187</td>\n",
       "      <td>1.000000</td>\n",
       "      <td>0.450836</td>\n",
       "      <td>0.358242</td>\n",
       "      <td>0.317797</td>\n",
       "      <td>0.697926</td>\n",
       "      <td>0.598025</td>\n",
       "      <td>0.314632</td>\n",
       "      <td>0.436124</td>\n",
       "      <td>0.274505</td>\n",
       "      <td>0.090209</td>\n",
       "    </tr>\n",
       "    <tr>\n",
       "      <th>Office</th>\n",
       "      <td>0.335917</td>\n",
       "      <td>0.450836</td>\n",
       "      <td>1.000000</td>\n",
       "      <td>0.861892</td>\n",
       "      <td>0.577663</td>\n",
       "      <td>0.741962</td>\n",
       "      <td>0.933187</td>\n",
       "      <td>0.307525</td>\n",
       "      <td>0.730901</td>\n",
       "      <td>0.224271</td>\n",
       "      <td>0.699122</td>\n",
       "    </tr>\n",
       "    <tr>\n",
       "      <th>Restaurant/ Café</th>\n",
       "      <td>0.410989</td>\n",
       "      <td>0.358242</td>\n",
       "      <td>0.861892</td>\n",
       "      <td>1.000000</td>\n",
       "      <td>0.515587</td>\n",
       "      <td>0.507582</td>\n",
       "      <td>0.863813</td>\n",
       "      <td>0.314632</td>\n",
       "      <td>0.614539</td>\n",
       "      <td>-0.022875</td>\n",
       "      <td>0.866887</td>\n",
       "    </tr>\n",
       "    <tr>\n",
       "      <th>Leisure/ Recreation</th>\n",
       "      <td>0.162232</td>\n",
       "      <td>0.317797</td>\n",
       "      <td>0.577663</td>\n",
       "      <td>0.515587</td>\n",
       "      <td>1.000000</td>\n",
       "      <td>0.647508</td>\n",
       "      <td>0.451290</td>\n",
       "      <td>0.474996</td>\n",
       "      <td>0.304021</td>\n",
       "      <td>0.247502</td>\n",
       "      <td>0.402690</td>\n",
       "    </tr>\n",
       "    <tr>\n",
       "      <th>Hospital</th>\n",
       "      <td>-0.028199</td>\n",
       "      <td>0.697926</td>\n",
       "      <td>0.741962</td>\n",
       "      <td>0.507582</td>\n",
       "      <td>0.647508</td>\n",
       "      <td>1.000000</td>\n",
       "      <td>0.738880</td>\n",
       "      <td>0.198787</td>\n",
       "      <td>0.418030</td>\n",
       "      <td>0.337530</td>\n",
       "      <td>0.263481</td>\n",
       "    </tr>\n",
       "    <tr>\n",
       "      <th>Shops</th>\n",
       "      <td>0.416402</td>\n",
       "      <td>0.598025</td>\n",
       "      <td>0.933187</td>\n",
       "      <td>0.863813</td>\n",
       "      <td>0.451290</td>\n",
       "      <td>0.738880</td>\n",
       "      <td>1.000000</td>\n",
       "      <td>0.208430</td>\n",
       "      <td>0.764718</td>\n",
       "      <td>0.161374</td>\n",
       "      <td>0.623074</td>\n",
       "    </tr>\n",
       "    <tr>\n",
       "      <th>Tram Stops</th>\n",
       "      <td>0.475248</td>\n",
       "      <td>0.314632</td>\n",
       "      <td>0.307525</td>\n",
       "      <td>0.314632</td>\n",
       "      <td>0.474996</td>\n",
       "      <td>0.198787</td>\n",
       "      <td>0.208430</td>\n",
       "      <td>1.000000</td>\n",
       "      <td>0.331863</td>\n",
       "      <td>0.452287</td>\n",
       "      <td>0.365639</td>\n",
       "    </tr>\n",
       "    <tr>\n",
       "      <th>Bus stops</th>\n",
       "      <td>0.667403</td>\n",
       "      <td>0.436124</td>\n",
       "      <td>0.730901</td>\n",
       "      <td>0.614539</td>\n",
       "      <td>0.304021</td>\n",
       "      <td>0.418030</td>\n",
       "      <td>0.764718</td>\n",
       "      <td>0.331863</td>\n",
       "      <td>1.000000</td>\n",
       "      <td>0.002293</td>\n",
       "      <td>0.556781</td>\n",
       "    </tr>\n",
       "    <tr>\n",
       "      <th>Train Station</th>\n",
       "      <td>0.102940</td>\n",
       "      <td>0.274505</td>\n",
       "      <td>0.224271</td>\n",
       "      <td>-0.022875</td>\n",
       "      <td>0.247502</td>\n",
       "      <td>0.337530</td>\n",
       "      <td>0.161374</td>\n",
       "      <td>0.452287</td>\n",
       "      <td>0.002293</td>\n",
       "      <td>1.000000</td>\n",
       "      <td>-0.169465</td>\n",
       "    </tr>\n",
       "    <tr>\n",
       "      <th>count</th>\n",
       "      <td>0.237624</td>\n",
       "      <td>0.090209</td>\n",
       "      <td>0.699122</td>\n",
       "      <td>0.866887</td>\n",
       "      <td>0.402690</td>\n",
       "      <td>0.263481</td>\n",
       "      <td>0.623074</td>\n",
       "      <td>0.365639</td>\n",
       "      <td>0.556781</td>\n",
       "      <td>-0.169465</td>\n",
       "      <td>1.000000</td>\n",
       "    </tr>\n",
       "  </tbody>\n",
       "</table>\n",
       "</div>"
      ],
      "text/plain": [
       "                     Population density  House/ Apartment    Office  \\\n",
       "Population density             1.000000          0.213187  0.335917   \n",
       "House/ Apartment               0.213187          1.000000  0.450836   \n",
       "Office                         0.335917          0.450836  1.000000   \n",
       "Restaurant/ Café               0.410989          0.358242  0.861892   \n",
       "Leisure/ Recreation            0.162232          0.317797  0.577663   \n",
       "Hospital                      -0.028199          0.697926  0.741962   \n",
       "Shops                          0.416402          0.598025  0.933187   \n",
       "Tram Stops                     0.475248          0.314632  0.307525   \n",
       "Bus stops                      0.667403          0.436124  0.730901   \n",
       "Train Station                  0.102940          0.274505  0.224271   \n",
       "count                          0.237624          0.090209  0.699122   \n",
       "\n",
       "                     Restaurant/ Café  Leisure/ Recreation  Hospital  \\\n",
       "Population density           0.410989             0.162232 -0.028199   \n",
       "House/ Apartment             0.358242             0.317797  0.697926   \n",
       "Office                       0.861892             0.577663  0.741962   \n",
       "Restaurant/ Café             1.000000             0.515587  0.507582   \n",
       "Leisure/ Recreation          0.515587             1.000000  0.647508   \n",
       "Hospital                     0.507582             0.647508  1.000000   \n",
       "Shops                        0.863813             0.451290  0.738880   \n",
       "Tram Stops                   0.314632             0.474996  0.198787   \n",
       "Bus stops                    0.614539             0.304021  0.418030   \n",
       "Train Station               -0.022875             0.247502  0.337530   \n",
       "count                        0.866887             0.402690  0.263481   \n",
       "\n",
       "                        Shops  Tram Stops  Bus stops  Train Station     count  \n",
       "Population density   0.416402    0.475248   0.667403       0.102940  0.237624  \n",
       "House/ Apartment     0.598025    0.314632   0.436124       0.274505  0.090209  \n",
       "Office               0.933187    0.307525   0.730901       0.224271  0.699122  \n",
       "Restaurant/ Café     0.863813    0.314632   0.614539      -0.022875  0.866887  \n",
       "Leisure/ Recreation  0.451290    0.474996   0.304021       0.247502  0.402690  \n",
       "Hospital             0.738880    0.198787   0.418030       0.337530  0.263481  \n",
       "Shops                1.000000    0.208430   0.764718       0.161374  0.623074  \n",
       "Tram Stops           0.208430    1.000000   0.331863       0.452287  0.365639  \n",
       "Bus stops            0.764718    0.331863   1.000000       0.002293  0.556781  \n",
       "Train Station        0.161374    0.452287   0.002293       1.000000 -0.169465  \n",
       "count                0.623074    0.365639   0.556781      -0.169465  1.000000  "
      ]
     },
     "execution_count": 4,
     "metadata": {},
     "output_type": "execute_result"
    }
   ],
   "source": [
    "df=pd.read_csv(r'C:\\Melbourne_Escooter\\RealDataset\\FinalResults\\SuburbWise\\August\\POI calculations\\POI raw counts.csv',encoding='ISO-8859-1')\n",
    "df_WE_m1=pd.read_csv(r'C:\\Melbourne_Escooter\\RealDataset\\FinalResults\\SuburbWise\\August\\start\\__weekend__m2.csv')\n",
    "cafe_start_m1=df.merge(df_WE_m1, how='left', on='suburb')\n",
    "r_m1 = cafe_start_m1.corr(method=\"spearman\")\n",
    "r_m1"
   ]
  },
  {
   "cell_type": "code",
   "execution_count": 5,
   "id": "f02fd2a1",
   "metadata": {},
   "outputs": [
    {
     "data": {
      "text/html": [
       "<div>\n",
       "<style scoped>\n",
       "    .dataframe tbody tr th:only-of-type {\n",
       "        vertical-align: middle;\n",
       "    }\n",
       "\n",
       "    .dataframe tbody tr th {\n",
       "        vertical-align: top;\n",
       "    }\n",
       "\n",
       "    .dataframe thead th {\n",
       "        text-align: right;\n",
       "    }\n",
       "</style>\n",
       "<table border=\"1\" class=\"dataframe\">\n",
       "  <thead>\n",
       "    <tr style=\"text-align: right;\">\n",
       "      <th></th>\n",
       "      <th>Population density</th>\n",
       "      <th>House/ Apartment</th>\n",
       "      <th>Office</th>\n",
       "      <th>Restaurant/ Café</th>\n",
       "      <th>Leisure/ Recreation</th>\n",
       "      <th>Hospital</th>\n",
       "      <th>Shops</th>\n",
       "      <th>Tram Stops</th>\n",
       "      <th>Bus stops</th>\n",
       "      <th>Train Station</th>\n",
       "      <th>count</th>\n",
       "    </tr>\n",
       "  </thead>\n",
       "  <tbody>\n",
       "    <tr>\n",
       "      <th>Population density</th>\n",
       "      <td>1.000000</td>\n",
       "      <td>0.213187</td>\n",
       "      <td>0.335917</td>\n",
       "      <td>0.410989</td>\n",
       "      <td>0.162232</td>\n",
       "      <td>-0.028199</td>\n",
       "      <td>0.416402</td>\n",
       "      <td>0.475248</td>\n",
       "      <td>0.667403</td>\n",
       "      <td>0.102940</td>\n",
       "      <td>0.459341</td>\n",
       "    </tr>\n",
       "    <tr>\n",
       "      <th>House/ Apartment</th>\n",
       "      <td>0.213187</td>\n",
       "      <td>1.000000</td>\n",
       "      <td>0.450836</td>\n",
       "      <td>0.358242</td>\n",
       "      <td>0.317797</td>\n",
       "      <td>0.697926</td>\n",
       "      <td>0.598025</td>\n",
       "      <td>0.314632</td>\n",
       "      <td>0.436124</td>\n",
       "      <td>0.274505</td>\n",
       "      <td>-0.037363</td>\n",
       "    </tr>\n",
       "    <tr>\n",
       "      <th>Office</th>\n",
       "      <td>0.335917</td>\n",
       "      <td>0.450836</td>\n",
       "      <td>1.000000</td>\n",
       "      <td>0.861892</td>\n",
       "      <td>0.577663</td>\n",
       "      <td>0.741962</td>\n",
       "      <td>0.933187</td>\n",
       "      <td>0.307525</td>\n",
       "      <td>0.730901</td>\n",
       "      <td>0.224271</td>\n",
       "      <td>0.552495</td>\n",
       "    </tr>\n",
       "    <tr>\n",
       "      <th>Restaurant/ Café</th>\n",
       "      <td>0.410989</td>\n",
       "      <td>0.358242</td>\n",
       "      <td>0.861892</td>\n",
       "      <td>1.000000</td>\n",
       "      <td>0.515587</td>\n",
       "      <td>0.507582</td>\n",
       "      <td>0.863813</td>\n",
       "      <td>0.314632</td>\n",
       "      <td>0.614539</td>\n",
       "      <td>-0.022875</td>\n",
       "      <td>0.806593</td>\n",
       "    </tr>\n",
       "    <tr>\n",
       "      <th>Leisure/ Recreation</th>\n",
       "      <td>0.162232</td>\n",
       "      <td>0.317797</td>\n",
       "      <td>0.577663</td>\n",
       "      <td>0.515587</td>\n",
       "      <td>1.000000</td>\n",
       "      <td>0.647508</td>\n",
       "      <td>0.451290</td>\n",
       "      <td>0.474996</td>\n",
       "      <td>0.304021</td>\n",
       "      <td>0.247502</td>\n",
       "      <td>0.297796</td>\n",
       "    </tr>\n",
       "    <tr>\n",
       "      <th>Hospital</th>\n",
       "      <td>-0.028199</td>\n",
       "      <td>0.697926</td>\n",
       "      <td>0.741962</td>\n",
       "      <td>0.507582</td>\n",
       "      <td>0.647508</td>\n",
       "      <td>1.000000</td>\n",
       "      <td>0.738880</td>\n",
       "      <td>0.198787</td>\n",
       "      <td>0.418030</td>\n",
       "      <td>0.337530</td>\n",
       "      <td>0.065798</td>\n",
       "    </tr>\n",
       "    <tr>\n",
       "      <th>Shops</th>\n",
       "      <td>0.416402</td>\n",
       "      <td>0.598025</td>\n",
       "      <td>0.933187</td>\n",
       "      <td>0.863813</td>\n",
       "      <td>0.451290</td>\n",
       "      <td>0.738880</td>\n",
       "      <td>1.000000</td>\n",
       "      <td>0.208430</td>\n",
       "      <td>0.764718</td>\n",
       "      <td>0.161374</td>\n",
       "      <td>0.533792</td>\n",
       "    </tr>\n",
       "    <tr>\n",
       "      <th>Tram Stops</th>\n",
       "      <td>0.475248</td>\n",
       "      <td>0.314632</td>\n",
       "      <td>0.307525</td>\n",
       "      <td>0.314632</td>\n",
       "      <td>0.474996</td>\n",
       "      <td>0.198787</td>\n",
       "      <td>0.208430</td>\n",
       "      <td>1.000000</td>\n",
       "      <td>0.331863</td>\n",
       "      <td>0.452287</td>\n",
       "      <td>0.264027</td>\n",
       "    </tr>\n",
       "    <tr>\n",
       "      <th>Bus stops</th>\n",
       "      <td>0.667403</td>\n",
       "      <td>0.436124</td>\n",
       "      <td>0.730901</td>\n",
       "      <td>0.614539</td>\n",
       "      <td>0.304021</td>\n",
       "      <td>0.418030</td>\n",
       "      <td>0.764718</td>\n",
       "      <td>0.331863</td>\n",
       "      <td>1.000000</td>\n",
       "      <td>0.002293</td>\n",
       "      <td>0.515420</td>\n",
       "    </tr>\n",
       "    <tr>\n",
       "      <th>Train Station</th>\n",
       "      <td>0.102940</td>\n",
       "      <td>0.274505</td>\n",
       "      <td>0.224271</td>\n",
       "      <td>-0.022875</td>\n",
       "      <td>0.247502</td>\n",
       "      <td>0.337530</td>\n",
       "      <td>0.161374</td>\n",
       "      <td>0.452287</td>\n",
       "      <td>0.002293</td>\n",
       "      <td>1.000000</td>\n",
       "      <td>-0.313394</td>\n",
       "    </tr>\n",
       "    <tr>\n",
       "      <th>count</th>\n",
       "      <td>0.459341</td>\n",
       "      <td>-0.037363</td>\n",
       "      <td>0.552495</td>\n",
       "      <td>0.806593</td>\n",
       "      <td>0.297796</td>\n",
       "      <td>0.065798</td>\n",
       "      <td>0.533792</td>\n",
       "      <td>0.264027</td>\n",
       "      <td>0.515420</td>\n",
       "      <td>-0.313394</td>\n",
       "      <td>1.000000</td>\n",
       "    </tr>\n",
       "  </tbody>\n",
       "</table>\n",
       "</div>"
      ],
      "text/plain": [
       "                     Population density  House/ Apartment    Office  \\\n",
       "Population density             1.000000          0.213187  0.335917   \n",
       "House/ Apartment               0.213187          1.000000  0.450836   \n",
       "Office                         0.335917          0.450836  1.000000   \n",
       "Restaurant/ Café               0.410989          0.358242  0.861892   \n",
       "Leisure/ Recreation            0.162232          0.317797  0.577663   \n",
       "Hospital                      -0.028199          0.697926  0.741962   \n",
       "Shops                          0.416402          0.598025  0.933187   \n",
       "Tram Stops                     0.475248          0.314632  0.307525   \n",
       "Bus stops                      0.667403          0.436124  0.730901   \n",
       "Train Station                  0.102940          0.274505  0.224271   \n",
       "count                          0.459341         -0.037363  0.552495   \n",
       "\n",
       "                     Restaurant/ Café  Leisure/ Recreation  Hospital  \\\n",
       "Population density           0.410989             0.162232 -0.028199   \n",
       "House/ Apartment             0.358242             0.317797  0.697926   \n",
       "Office                       0.861892             0.577663  0.741962   \n",
       "Restaurant/ Café             1.000000             0.515587  0.507582   \n",
       "Leisure/ Recreation          0.515587             1.000000  0.647508   \n",
       "Hospital                     0.507582             0.647508  1.000000   \n",
       "Shops                        0.863813             0.451290  0.738880   \n",
       "Tram Stops                   0.314632             0.474996  0.198787   \n",
       "Bus stops                    0.614539             0.304021  0.418030   \n",
       "Train Station               -0.022875             0.247502  0.337530   \n",
       "count                        0.806593             0.297796  0.065798   \n",
       "\n",
       "                        Shops  Tram Stops  Bus stops  Train Station     count  \n",
       "Population density   0.416402    0.475248   0.667403       0.102940  0.459341  \n",
       "House/ Apartment     0.598025    0.314632   0.436124       0.274505 -0.037363  \n",
       "Office               0.933187    0.307525   0.730901       0.224271  0.552495  \n",
       "Restaurant/ Café     0.863813    0.314632   0.614539      -0.022875  0.806593  \n",
       "Leisure/ Recreation  0.451290    0.474996   0.304021       0.247502  0.297796  \n",
       "Hospital             0.738880    0.198787   0.418030       0.337530  0.065798  \n",
       "Shops                1.000000    0.208430   0.764718       0.161374  0.533792  \n",
       "Tram Stops           0.208430    1.000000   0.331863       0.452287  0.264027  \n",
       "Bus stops            0.764718    0.331863   1.000000       0.002293  0.515420  \n",
       "Train Station        0.161374    0.452287   0.002293       1.000000 -0.313394  \n",
       "count                0.533792    0.264027   0.515420      -0.313394  1.000000  "
      ]
     },
     "execution_count": 5,
     "metadata": {},
     "output_type": "execute_result"
    }
   ],
   "source": [
    "df=pd.read_csv(r'C:\\Melbourne_Escooter\\RealDataset\\FinalResults\\SuburbWise\\August\\POI calculations\\POI raw counts.csv',encoding='ISO-8859-1')\n",
    "df_WE_m1=pd.read_csv(r'C:\\Melbourne_Escooter\\RealDataset\\FinalResults\\SuburbWise\\August\\start\\__weekend__e1.csv')\n",
    "cafe_start_m1=df.merge(df_WE_m1, how='left', on='suburb')\n",
    "r_m1 = cafe_start_m1.corr(method=\"spearman\")\n",
    "r_m1"
   ]
  },
  {
   "cell_type": "code",
   "execution_count": 6,
   "id": "5e9f1a39",
   "metadata": {},
   "outputs": [
    {
     "data": {
      "text/html": [
       "<div>\n",
       "<style scoped>\n",
       "    .dataframe tbody tr th:only-of-type {\n",
       "        vertical-align: middle;\n",
       "    }\n",
       "\n",
       "    .dataframe tbody tr th {\n",
       "        vertical-align: top;\n",
       "    }\n",
       "\n",
       "    .dataframe thead th {\n",
       "        text-align: right;\n",
       "    }\n",
       "</style>\n",
       "<table border=\"1\" class=\"dataframe\">\n",
       "  <thead>\n",
       "    <tr style=\"text-align: right;\">\n",
       "      <th></th>\n",
       "      <th>Population density</th>\n",
       "      <th>House/ Apartment</th>\n",
       "      <th>Office</th>\n",
       "      <th>Restaurant/ Café</th>\n",
       "      <th>Leisure/ Recreation</th>\n",
       "      <th>Hospital</th>\n",
       "      <th>Shops</th>\n",
       "      <th>Tram Stops</th>\n",
       "      <th>Bus stops</th>\n",
       "      <th>Train Station</th>\n",
       "      <th>count</th>\n",
       "    </tr>\n",
       "  </thead>\n",
       "  <tbody>\n",
       "    <tr>\n",
       "      <th>Population density</th>\n",
       "      <td>1.000000</td>\n",
       "      <td>0.213187</td>\n",
       "      <td>0.335917</td>\n",
       "      <td>0.410989</td>\n",
       "      <td>0.162232</td>\n",
       "      <td>-0.028199</td>\n",
       "      <td>0.416402</td>\n",
       "      <td>0.475248</td>\n",
       "      <td>0.667403</td>\n",
       "      <td>0.102940</td>\n",
       "      <td>0.473048</td>\n",
       "    </tr>\n",
       "    <tr>\n",
       "      <th>House/ Apartment</th>\n",
       "      <td>0.213187</td>\n",
       "      <td>1.000000</td>\n",
       "      <td>0.450836</td>\n",
       "      <td>0.358242</td>\n",
       "      <td>0.317797</td>\n",
       "      <td>0.697926</td>\n",
       "      <td>0.598025</td>\n",
       "      <td>0.314632</td>\n",
       "      <td>0.436124</td>\n",
       "      <td>0.274505</td>\n",
       "      <td>-0.011001</td>\n",
       "    </tr>\n",
       "    <tr>\n",
       "      <th>Office</th>\n",
       "      <td>0.335917</td>\n",
       "      <td>0.450836</td>\n",
       "      <td>1.000000</td>\n",
       "      <td>0.861892</td>\n",
       "      <td>0.577663</td>\n",
       "      <td>0.741962</td>\n",
       "      <td>0.933187</td>\n",
       "      <td>0.307525</td>\n",
       "      <td>0.730901</td>\n",
       "      <td>0.224271</td>\n",
       "      <td>0.618369</td>\n",
       "    </tr>\n",
       "    <tr>\n",
       "      <th>Restaurant/ Café</th>\n",
       "      <td>0.410989</td>\n",
       "      <td>0.358242</td>\n",
       "      <td>0.861892</td>\n",
       "      <td>1.000000</td>\n",
       "      <td>0.515587</td>\n",
       "      <td>0.507582</td>\n",
       "      <td>0.863813</td>\n",
       "      <td>0.314632</td>\n",
       "      <td>0.614539</td>\n",
       "      <td>-0.022875</td>\n",
       "      <td>0.816282</td>\n",
       "    </tr>\n",
       "    <tr>\n",
       "      <th>Leisure/ Recreation</th>\n",
       "      <td>0.162232</td>\n",
       "      <td>0.317797</td>\n",
       "      <td>0.577663</td>\n",
       "      <td>0.515587</td>\n",
       "      <td>1.000000</td>\n",
       "      <td>0.647508</td>\n",
       "      <td>0.451290</td>\n",
       "      <td>0.474996</td>\n",
       "      <td>0.304021</td>\n",
       "      <td>0.247502</td>\n",
       "      <td>0.294787</td>\n",
       "    </tr>\n",
       "    <tr>\n",
       "      <th>Hospital</th>\n",
       "      <td>-0.028199</td>\n",
       "      <td>0.697926</td>\n",
       "      <td>0.741962</td>\n",
       "      <td>0.507582</td>\n",
       "      <td>0.647508</td>\n",
       "      <td>1.000000</td>\n",
       "      <td>0.738880</td>\n",
       "      <td>0.198787</td>\n",
       "      <td>0.418030</td>\n",
       "      <td>0.337530</td>\n",
       "      <td>0.087043</td>\n",
       "    </tr>\n",
       "    <tr>\n",
       "      <th>Shops</th>\n",
       "      <td>0.416402</td>\n",
       "      <td>0.598025</td>\n",
       "      <td>0.933187</td>\n",
       "      <td>0.863813</td>\n",
       "      <td>0.451290</td>\n",
       "      <td>0.738880</td>\n",
       "      <td>1.000000</td>\n",
       "      <td>0.208430</td>\n",
       "      <td>0.764718</td>\n",
       "      <td>0.161374</td>\n",
       "      <td>0.582053</td>\n",
       "    </tr>\n",
       "    <tr>\n",
       "      <th>Tram Stops</th>\n",
       "      <td>0.475248</td>\n",
       "      <td>0.314632</td>\n",
       "      <td>0.307525</td>\n",
       "      <td>0.314632</td>\n",
       "      <td>0.474996</td>\n",
       "      <td>0.198787</td>\n",
       "      <td>0.208430</td>\n",
       "      <td>1.000000</td>\n",
       "      <td>0.331863</td>\n",
       "      <td>0.452287</td>\n",
       "      <td>0.277533</td>\n",
       "    </tr>\n",
       "    <tr>\n",
       "      <th>Bus stops</th>\n",
       "      <td>0.667403</td>\n",
       "      <td>0.436124</td>\n",
       "      <td>0.730901</td>\n",
       "      <td>0.614539</td>\n",
       "      <td>0.304021</td>\n",
       "      <td>0.418030</td>\n",
       "      <td>0.764718</td>\n",
       "      <td>0.331863</td>\n",
       "      <td>1.000000</td>\n",
       "      <td>0.002293</td>\n",
       "      <td>0.590960</td>\n",
       "    </tr>\n",
       "    <tr>\n",
       "      <th>Train Station</th>\n",
       "      <td>0.102940</td>\n",
       "      <td>0.274505</td>\n",
       "      <td>0.224271</td>\n",
       "      <td>-0.022875</td>\n",
       "      <td>0.247502</td>\n",
       "      <td>0.337530</td>\n",
       "      <td>0.161374</td>\n",
       "      <td>0.452287</td>\n",
       "      <td>0.002293</td>\n",
       "      <td>1.000000</td>\n",
       "      <td>-0.277098</td>\n",
       "    </tr>\n",
       "    <tr>\n",
       "      <th>count</th>\n",
       "      <td>0.473048</td>\n",
       "      <td>-0.011001</td>\n",
       "      <td>0.618369</td>\n",
       "      <td>0.816282</td>\n",
       "      <td>0.294787</td>\n",
       "      <td>0.087043</td>\n",
       "      <td>0.582053</td>\n",
       "      <td>0.277533</td>\n",
       "      <td>0.590960</td>\n",
       "      <td>-0.277098</td>\n",
       "      <td>1.000000</td>\n",
       "    </tr>\n",
       "  </tbody>\n",
       "</table>\n",
       "</div>"
      ],
      "text/plain": [
       "                     Population density  House/ Apartment    Office  \\\n",
       "Population density             1.000000          0.213187  0.335917   \n",
       "House/ Apartment               0.213187          1.000000  0.450836   \n",
       "Office                         0.335917          0.450836  1.000000   \n",
       "Restaurant/ Café               0.410989          0.358242  0.861892   \n",
       "Leisure/ Recreation            0.162232          0.317797  0.577663   \n",
       "Hospital                      -0.028199          0.697926  0.741962   \n",
       "Shops                          0.416402          0.598025  0.933187   \n",
       "Tram Stops                     0.475248          0.314632  0.307525   \n",
       "Bus stops                      0.667403          0.436124  0.730901   \n",
       "Train Station                  0.102940          0.274505  0.224271   \n",
       "count                          0.473048         -0.011001  0.618369   \n",
       "\n",
       "                     Restaurant/ Café  Leisure/ Recreation  Hospital  \\\n",
       "Population density           0.410989             0.162232 -0.028199   \n",
       "House/ Apartment             0.358242             0.317797  0.697926   \n",
       "Office                       0.861892             0.577663  0.741962   \n",
       "Restaurant/ Café             1.000000             0.515587  0.507582   \n",
       "Leisure/ Recreation          0.515587             1.000000  0.647508   \n",
       "Hospital                     0.507582             0.647508  1.000000   \n",
       "Shops                        0.863813             0.451290  0.738880   \n",
       "Tram Stops                   0.314632             0.474996  0.198787   \n",
       "Bus stops                    0.614539             0.304021  0.418030   \n",
       "Train Station               -0.022875             0.247502  0.337530   \n",
       "count                        0.816282             0.294787  0.087043   \n",
       "\n",
       "                        Shops  Tram Stops  Bus stops  Train Station     count  \n",
       "Population density   0.416402    0.475248   0.667403       0.102940  0.473048  \n",
