{
 "cells": [
  {
   "cell_type": "code",
   "execution_count": 12,
   "id": "384ecc64",
   "metadata": {},
   "outputs": [],
   "source": [
    "import pandas as pd"
   ]
  },
  {
   "cell_type": "code",
   "execution_count": 13,
   "id": "124ee0f3",
   "metadata": {},
   "outputs": [],
   "source": [
    "df=pd.read_csv(r'C:\\Melbourne_Escooter\\RealDataset\\FinalResults\\SuburbWise\\August\\POI calculations\\POI raw counts.csv',encoding='ISO-8859-1')"
   ]
  },
  {
   "cell_type": "code",
   "execution_count": 19,
   "id": "751bd910",
   "metadata": {},
   "outputs": [],
   "source": [
    "start_m1=pd.read_csv(r'C:\\Melbourne_Escooter\\RealDataset\\FinalResults\\SuburbWise\\August\\start\\__m1.csv')"
   ]
  },
  {
   "cell_type": "code",
   "execution_count": 25,
   "id": "eafc9d6e",
   "metadata": {},
   "outputs": [],
   "source": [
    "merge_m1=df.merge(start_m1, how='left', on='suburb')"
   ]
  },
  {
   "cell_type": "code",
   "execution_count": 27,
   "id": "5686be34",
   "metadata": {},
   "outputs": [
    {
     "data": {
      "text/html": [
       "<div>\n",
       "<style scoped>\n",
       "    .dataframe tbody tr th:only-of-type {\n",
       "        vertical-align: middle;\n",
       "    }\n",
       "\n",
       "    .dataframe tbody tr th {\n",
       "        vertical-align: top;\n",
       "    }\n",
       "\n",
       "    .dataframe thead th {\n",
       "        text-align: right;\n",
       "    }\n",
       "</style>\n",
       "<table border=\"1\" class=\"dataframe\">\n",
       "  <thead>\n",
       "    <tr style=\"text-align: right;\">\n",
       "      <th></th>\n",
       "      <th>Population density</th>\n",
       "      <th>House/ Apartment</th>\n",
       "      <th>Office</th>\n",
       "      <th>Restaurant/ Café</th>\n",
       "      <th>Leisure/ Recreation</th>\n",
       "      <th>Hospital</th>\n",
       "      <th>Shops</th>\n",
       "      <th>Tram Stops</th>\n",
       "      <th>Bus stops</th>\n",
       "      <th>Train Station</th>\n",
       "      <th>count</th>\n",
       "    </tr>\n",
       "  </thead>\n",
       "  <tbody>\n",
       "    <tr>\n",
       "      <th>Population density</th>\n",
       "      <td>1.000000</td>\n",
       "      <td>0.213187</td>\n",
       "      <td>0.335917</td>\n",
       "      <td>0.410989</td>\n",
       "      <td>0.162232</td>\n",
       "      <td>-0.028199</td>\n",
       "      <td>0.416402</td>\n",
       "      <td>0.475248</td>\n",
       "      <td>0.667403</td>\n",
       "      <td>0.102940</td>\n",
       "      <td>0.431719</td>\n",
       "    </tr>\n",
       "    <tr>\n",
       "      <th>House/ Apartment</th>\n",
       "      <td>0.213187</td>\n",
       "      <td>1.000000</td>\n",
       "      <td>0.450836</td>\n",
       "      <td>0.358242</td>\n",
       "      <td>0.317797</td>\n",
       "      <td>0.697926</td>\n",
       "      <td>0.598025</td>\n",
       "      <td>0.314632</td>\n",
       "      <td>0.436124</td>\n",
       "      <td>0.274505</td>\n",
       "      <td>0.127754</td>\n",
       "    </tr>\n",
       "    <tr>\n",
       "      <th>Office</th>\n",
       "      <td>0.335917</td>\n",
       "      <td>0.450836</td>\n",
       "      <td>1.000000</td>\n",
       "      <td>0.861892</td>\n",
       "      <td>0.577663</td>\n",
       "      <td>0.741962</td>\n",
       "      <td>0.933187</td>\n",
       "      <td>0.307525</td>\n",
       "      <td>0.730901</td>\n",
       "      <td>0.224271</td>\n",
       "      <td>0.689926</td>\n",
       "    </tr>\n",
       "    <tr>\n",
       "      <th>Restaurant/ Café</th>\n",
       "      <td>0.410989</td>\n",
       "      <td>0.358242</td>\n",
       "      <td>0.861892</td>\n",
       "      <td>1.000000</td>\n",
       "      <td>0.515587</td>\n",
       "      <td>0.507582</td>\n",
       "      <td>0.863813</td>\n",
       "      <td>0.314632</td>\n",
       "      <td>0.614539</td>\n",
       "      <td>-0.022875</td>\n",
       "      <td>0.803967</td>\n",
       "    </tr>\n",
       "    <tr>\n",
       "      <th>Leisure/ Recreation</th>\n",
       "      <td>0.162232</td>\n",
       "      <td>0.317797</td>\n",
       "      <td>0.577663</td>\n",
       "      <td>0.515587</td>\n",
       "      <td>1.000000</td>\n",
       "      <td>0.647508</td>\n",
       "      <td>0.451290</td>\n",
       "      <td>0.474996</td>\n",
       "      <td>0.304021</td>\n",
       "      <td>0.247502</td>\n",
       "      <td>0.387543</td>\n",
       "    </tr>\n",
       "    <tr>\n",
       "      <th>Hospital</th>\n",
       "      <td>-0.028199</td>\n",
       "      <td>0.697926</td>\n",
       "      <td>0.741962</td>\n",
       "      <td>0.507582</td>\n",
       "      <td>0.647508</td>\n",
       "      <td>1.000000</td>\n",
       "      <td>0.738880</td>\n",
       "      <td>0.198787</td>\n",
       "      <td>0.418030</td>\n",
       "      <td>0.337530</td>\n",
       "      <td>0.215492</td>\n",
       "    </tr>\n",
       "    <tr>\n",
       "      <th>Shops</th>\n",
       "      <td>0.416402</td>\n",
       "      <td>0.598025</td>\n",
       "      <td>0.933187</td>\n",
       "      <td>0.863813</td>\n",
       "      <td>0.451290</td>\n",
       "      <td>0.738880</td>\n",
       "      <td>1.000000</td>\n",
       "      <td>0.208430</td>\n",
       "      <td>0.764718</td>\n",
       "      <td>0.161374</td>\n",
       "      <td>0.600453</td>\n",
       "    </tr>\n",
       "    <tr>\n",
       "      <th>Tram Stops</th>\n",
       "      <td>0.475248</td>\n",
       "      <td>0.314632</td>\n",
       "      <td>0.307525</td>\n",
       "      <td>0.314632</td>\n",
       "      <td>0.474996</td>\n",
       "      <td>0.198787</td>\n",
       "      <td>0.208430</td>\n",
       "      <td>1.000000</td>\n",
       "      <td>0.331863</td>\n",
       "      <td>0.452287</td>\n",
       "      <td>0.476296</td>\n",
       "    </tr>\n",
       "    <tr>\n",
       "      <th>Bus stops</th>\n",
       "      <td>0.667403</td>\n",
       "      <td>0.436124</td>\n",
       "      <td>0.730901</td>\n",
       "      <td>0.614539</td>\n",
       "      <td>0.304021</td>\n",
       "      <td>0.418030</td>\n",
       "      <td>0.764718</td>\n",
       "      <td>0.331863</td>\n",
       "      <td>1.000000</td>\n",
       "      <td>0.002293</td>\n",
       "      <td>0.667770</td>\n",
       "    </tr>\n",
       "    <tr>\n",
       "      <th>Train Station</th>\n",
       "      <td>0.102940</td>\n",
       "      <td>0.274505</td>\n",
       "      <td>0.224271</td>\n",
       "      <td>-0.022875</td>\n",
       "      <td>0.247502</td>\n",
       "      <td>0.337530</td>\n",
       "      <td>0.161374</td>\n",
       "      <td>0.452287</td>\n",
       "      <td>0.002293</td>\n",
       "      <td>1.000000</td>\n",
       "      <td>-0.137555</td>\n",
       "    </tr>\n",
       "    <tr>\n",
       "      <th>count</th>\n",
       "      <td>0.431719</td>\n",
       "      <td>0.127754</td>\n",
       "      <td>0.689926</td>\n",
       "      <td>0.803967</td>\n",
       "      <td>0.387543</td>\n",
       "      <td>0.215492</td>\n",
       "      <td>0.600453</td>\n",
       "      <td>0.476296</td>\n",
       "      <td>0.667770</td>\n",
       "      <td>-0.137555</td>\n",
       "      <td>1.000000</td>\n",
       "    </tr>\n",
       "  </tbody>\n",
       "</table>\n",
       "</div>"
      ],
      "text/plain": [
       "                     Population density  House/ Apartment    Office  \\\n",
       "Population density             1.000000          0.213187  0.335917   \n",
       "House/ Apartment               0.213187          1.000000  0.450836   \n",
       "Office                         0.335917          0.450836  1.000000   \n",
       "Restaurant/ Café               0.410989          0.358242  0.861892   \n",
       "Leisure/ Recreation            0.162232          0.317797  0.577663   \n",
       "Hospital                      -0.028199          0.697926  0.741962   \n",
       "Shops                          0.416402          0.598025  0.933187   \n",
       "Tram Stops                     0.475248          0.314632  0.307525   \n",
       "Bus stops                      0.667403          0.436124  0.730901   \n",
       "Train Station                  0.102940          0.274505  0.224271   \n",
       "count                          0.431719          0.127754  0.689926   \n",
       "\n",
       "                     Restaurant/ Café  Leisure/ Recreation  Hospital  \\\n",
       "Population density           0.410989             0.162232 -0.028199   \n",
       "House/ Apartment             0.358242             0.317797  0.697926   \n",
       "Office                       0.861892             0.577663  0.741962   \n",
       "Restaurant/ Café             1.000000             0.515587  0.507582   \n",
       "Leisure/ Recreation          0.515587             1.000000  0.647508   \n",
       "Hospital                     0.507582             0.647508  1.000000   \n",
       "Shops                        0.863813             0.451290  0.738880   \n",
       "Tram Stops                   0.314632             0.474996  0.198787   \n",
       "Bus stops                    0.614539             0.304021  0.418030   \n",
       "Train Station               -0.022875             0.247502  0.337530   \n",
       "count                        0.803967             0.387543  0.215492   \n",
       "\n",
       "                        Shops  Tram Stops  Bus stops  Train Station     count  \n",
       "Population density   0.416402    0.475248   0.667403       0.102940  0.431719  \n",
       "House/ Apartment     0.598025    0.314632   0.436124       0.274505  0.127754  \n",
       "Office               0.933187    0.307525   0.730901       0.224271  0.689926  \n",
       "Restaurant/ Café     0.863813    0.314632   0.614539      -0.022875  0.803967  \n",
       "Leisure/ Recreation  0.451290    0.474996   0.304021       0.247502  0.387543  \n",
       "Hospital             0.738880    0.198787   0.418030       0.337530  0.215492  \n",
       "Shops                1.000000    0.208430   0.764718       0.161374  0.600453  \n",
       "Tram Stops           0.208430    1.000000   0.331863       0.452287  0.476296  \n",
       "Bus stops            0.764718    0.331863   1.000000       0.002293  0.667770  \n",
       "Train Station        0.161374    0.452287   0.002293       1.000000 -0.137555  \n",
       "count                0.600453    0.476296   0.667770      -0.137555  1.000000  "
      ]
     },
     "execution_count": 27,
     "metadata": {},
     "output_type": "execute_result"
    }
   ],
   "source": [
    "df=pd.read_csv(r'C:\\Melbourne_Escooter\\RealDataset\\FinalResults\\SuburbWise\\August\\POI calculations\\POI raw counts.csv',encoding='ISO-8859-1')\n",
    "start_m1=pd.read_csv(r'C:\\Melbourne_Escooter\\RealDataset\\FinalResults\\SuburbWise\\August\\start\\__m1.csv')\n",
    "merge_m1=df.merge(start_m1, how='left', on='suburb')\n",
    "r_m1 = merge_m1.corr(method=\"spearman\")\n",
    "r_m1"
   ]
  },
  {
   "cell_type": "code",
   "execution_count": 28,
   "id": "f02fd2a1",
   "metadata": {},
   "outputs": [
    {
     "data": {
      "text/html": [
       "<div>\n",
       "<style scoped>\n",
       "    .dataframe tbody tr th:only-of-type {\n",
       "        vertical-align: middle;\n",
       "    }\n",
       "\n",
       "    .dataframe tbody tr th {\n",
       "        vertical-align: top;\n",
       "    }\n",
       "\n",
       "    .dataframe thead th {\n",
       "        text-align: right;\n",
       "    }\n",
       "</style>\n",
       "<table border=\"1\" class=\"dataframe\">\n",
       "  <thead>\n",
       "    <tr style=\"text-align: right;\">\n",
       "      <th></th>\n",
       "      <th>Population density</th>\n",
       "      <th>House/ Apartment</th>\n",
       "      <th>Office</th>\n",
       "      <th>Restaurant/ Café</th>\n",
       "      <th>Leisure/ Recreation</th>\n",
       "      <th>Hospital</th>\n",
       "      <th>Shops</th>\n",
       "      <th>Tram Stops</th>\n",
       "      <th>Bus stops</th>\n",
       "      <th>Train Station</th>\n",
       "      <th>count</th>\n",
       "    </tr>\n",
       "  </thead>\n",
       "  <tbody>\n",
       "    <tr>\n",
       "      <th>Population density</th>\n",
       "      <td>1.000000</td>\n",
       "      <td>0.213187</td>\n",
       "      <td>0.335917</td>\n",
       "      <td>0.410989</td>\n",
       "      <td>0.162232</td>\n",
       "      <td>-0.028199</td>\n",
       "      <td>0.416402</td>\n",
       "      <td>0.475248</td>\n",
       "      <td>0.667403</td>\n",
       "      <td>0.102940</td>\n",
       "      <td>0.415385</td>\n",
       "    </tr>\n",
       "    <tr>\n",
       "      <th>House/ Apartment</th>\n",
       "      <td>0.213187</td>\n",
       "      <td>1.000000</td>\n",
       "      <td>0.450836</td>\n",
       "      <td>0.358242</td>\n",
       "      <td>0.317797</td>\n",
       "      <td>0.697926</td>\n",
       "      <td>0.598025</td>\n",
       "      <td>0.314632</td>\n",
       "      <td>0.436124</td>\n",
       "      <td>0.274505</td>\n",
       "      <td>0.125275</td>\n",
       "    </tr>\n",
       "    <tr>\n",
       "      <th>Office</th>\n",
       "      <td>0.335917</td>\n",
       "      <td>0.450836</td>\n",
       "      <td>1.000000</td>\n",
       "      <td>0.861892</td>\n",
       "      <td>0.577663</td>\n",
       "      <td>0.741962</td>\n",
       "      <td>0.933187</td>\n",
       "      <td>0.307525</td>\n",
       "      <td>0.730901</td>\n",
       "      <td>0.224271</td>\n",
       "      <td>0.738133</td>\n",
       "    </tr>\n",
       "    <tr>\n",
       "      <th>Restaurant/ Café</th>\n",
       "      <td>0.410989</td>\n",
       "      <td>0.358242</td>\n",
       "      <td>0.861892</td>\n",
       "      <td>1.000000</td>\n",
       "      <td>0.515587</td>\n",
       "      <td>0.507582</td>\n",
       "      <td>0.863813</td>\n",
       "      <td>0.314632</td>\n",
       "      <td>0.614539</td>\n",
       "      <td>-0.022875</td>\n",
       "      <td>0.863736</td>\n",
       "    </tr>\n",
       "    <tr>\n",
       "      <th>Leisure/ Recreation</th>\n",
       "      <td>0.162232</td>\n",
       "      <td>0.317797</td>\n",
       "      <td>0.577663</td>\n",
       "      <td>0.515587</td>\n",
       "      <td>1.000000</td>\n",
       "      <td>0.647508</td>\n",
       "      <td>0.451290</td>\n",
       "      <td>0.474996</td>\n",
       "      <td>0.304021</td>\n",
       "      <td>0.247502</td>\n",
       "      <td>0.448917</td>\n",
       "    </tr>\n",
       "    <tr>\n",
       "      <th>Hospital</th>\n",
       "      <td>-0.028199</td>\n",
       "      <td>0.697926</td>\n",
       "      <td>0.741962</td>\n",
       "      <td>0.507582</td>\n",
       "      <td>0.647508</td>\n",
       "      <td>1.000000</td>\n",
       "      <td>0.738880</td>\n",
       "      <td>0.198787</td>\n",
       "      <td>0.418030</td>\n",
       "      <td>0.337530</td>\n",
       "      <td>0.272591</td>\n",
       "    </tr>\n",
       "    <tr>\n",
       "      <th>Shops</th>\n",
       "      <td>0.416402</td>\n",
       "      <td>0.598025</td>\n",
       "      <td>0.933187</td>\n",
       "      <td>0.863813</td>\n",
       "      <td>0.451290</td>\n",
       "      <td>0.738880</td>\n",
       "      <td>1.000000</td>\n",
       "      <td>0.208430</td>\n",
       "      <td>0.764718</td>\n",
       "      <td>0.161374</td>\n",
       "      <td>0.651182</td>\n",
       "    </tr>\n",
       "    <tr>\n",
       "      <th>Tram Stops</th>\n",
       "      <td>0.475248</td>\n",
       "      <td>0.314632</td>\n",
       "      <td>0.307525</td>\n",
       "      <td>0.314632</td>\n",
       "      <td>0.474996</td>\n",
       "      <td>0.198787</td>\n",
       "      <td>0.208430</td>\n",
       "      <td>1.000000</td>\n",
       "      <td>0.331863</td>\n",
       "      <td>0.452287</td>\n",
       "      <td>0.444445</td>\n",
       "    </tr>\n",
       "    <tr>\n",
       "      <th>Bus stops</th>\n",
       "      <td>0.667403</td>\n",
       "      <td>0.436124</td>\n",
       "      <td>0.730901</td>\n",
       "      <td>0.614539</td>\n",
       "      <td>0.304021</td>\n",
       "      <td>0.418030</td>\n",
       "      <td>0.764718</td>\n",
       "      <td>0.331863</td>\n",
       "      <td>1.000000</td>\n",
       "      <td>0.002293</td>\n",
       "      <td>0.676213</td>\n",
       "    </tr>\n",
       "    <tr>\n",
       "      <th>Train Station</th>\n",
       "      <td>0.102940</td>\n",
       "      <td>0.274505</td>\n",
       "      <td>0.224271</td>\n",
       "      <td>-0.022875</td>\n",
       "      <td>0.247502</td>\n",
       "      <td>0.337530</td>\n",
       "      <td>0.161374</td>\n",
       "      <td>0.452287</td>\n",
       "      <td>0.002293</td>\n",
       "      <td>1.000000</td>\n",
       "      <td>-0.189866</td>\n",
       "    </tr>\n",
       "    <tr>\n",
       "      <th>count</th>\n",
       "      <td>0.415385</td>\n",
       "      <td>0.125275</td>\n",
       "      <td>0.738133</td>\n",
       "      <td>0.863736</td>\n",
       "      <td>0.448917</td>\n",
       "      <td>0.272591</td>\n",
       "      <td>0.651182</td>\n",
       "      <td>0.444445</td>\n",
       "      <td>0.676213</td>\n",
       "      <td>-0.189866</td>\n",
       "      <td>1.000000</td>\n",
       "    </tr>\n",
       "  </tbody>\n",
       "</table>\n",
       "</div>"
      ],
      "text/plain": [
       "                     Population density  House/ Apartment    Office  \\\n",
       "Population density             1.000000          0.213187  0.335917   \n",
       "House/ Apartment               0.213187          1.000000  0.450836   \n",
       "Office                         0.335917          0.450836  1.000000   \n",
       "Restaurant/ Café               0.410989          0.358242  0.861892   \n",
       "Leisure/ Recreation            0.162232          0.317797  0.577663   \n",
       "Hospital                      -0.028199          0.697926  0.741962   \n",
       "Shops                          0.416402          0.598025  0.933187   \n",
       "Tram Stops                     0.475248          0.314632  0.307525   \n",
       "Bus stops                      0.667403          0.436124  0.730901   \n",
       "Train Station                  0.102940          0.274505  0.224271   \n",
       "count                          0.415385          0.125275  0.738133   \n",
       "\n",
       "                     Restaurant/ Café  Leisure/ Recreation  Hospital  \\\n",
       "Population density           0.410989             0.162232 -0.028199   \n",
       "House/ Apartment             0.358242             0.317797  0.697926   \n",
       "Office                       0.861892             0.577663  0.741962   \n",
       "Restaurant/ Café             1.000000             0.515587  0.507582   \n",
       "Leisure/ Recreation          0.515587             1.000000  0.647508   \n",
       "Hospital                     0.507582             0.647508  1.000000   \n",
       "Shops                        0.863813             0.451290  0.738880   \n",
       "Tram Stops                   0.314632             0.474996  0.198787   \n",
       "Bus stops                    0.614539             0.304021  0.418030   \n",
       "Train Station               -0.022875             0.247502  0.337530   \n",
       "count                        0.863736             0.448917  0.272591   \n",
       "\n",
       "                        Shops  Tram Stops  Bus stops  Train Station     count  \n",
       "Population density   0.416402    0.475248   0.667403       0.102940  0.415385  \n",
       "House/ Apartment     0.598025    0.314632   0.436124       0.274505  0.125275  \n",
       "Office               0.933187    0.307525   0.730901       0.224271  0.738133  \n",
       "Restaurant/ Café     0.863813    0.314632   0.614539      -0.022875  0.863736  \n",
       "Leisure/ Recreation  0.451290    0.474996   0.304021       0.247502  0.448917  \n",
       "Hospital             0.738880    0.198787   0.418030       0.337530  0.272591  \n",
       "Shops                1.000000    0.208430   0.764718       0.161374  0.651182  \n",
       "Tram Stops           0.208430    1.000000   0.331863       0.452287  0.444445  \n",
       "Bus stops            0.764718    0.331863   1.000000       0.002293  0.676213  \n",
       "Train Station        0.161374    0.452287   0.002293       1.000000 -0.189866  \n",
       "count                0.651182    0.444445   0.676213      -0.189866  1.000000  "
      ]
     },
     "execution_count": 28,
     "metadata": {},
     "output_type": "execute_result"
    }
   ],
   "source": [
    "df=pd.read_csv(r'C:\\Melbourne_Escooter\\RealDataset\\FinalResults\\SuburbWise\\August\\POI calculations\\POI raw counts.csv',encoding='ISO-8859-1')\n",
    "start_m2=pd.read_csv(r'C:\\Melbourne_Escooter\\RealDataset\\FinalResults\\SuburbWise\\August\\start\\__m2.csv')\n",
    "merge_m2=df.merge(start_m2, how='left', on='suburb')\n",
    "r_m2 = merge_m2.corr(method=\"spearman\")\n",
    "r_m2"
   ]
  },
  {
   "cell_type": "code",
   "execution_count": 30,
   "id": "dcfaf1bf",
   "metadata": {},
   "outputs": [
    {
     "data": {
      "text/html": [
       "<div>\n",
       "<style scoped>\n",
       "    .dataframe tbody tr th:only-of-type {\n",
       "        vertical-align: middle;\n",
       "    }\n",
       "\n",
       "    .dataframe tbody tr th {\n",
       "        vertical-align: top;\n",
       "    }\n",
       "\n",
       "    .dataframe thead th {\n",
       "        text-align: right;\n",
       "    }\n",
       "</style>\n",
       "<table border=\"1\" class=\"dataframe\">\n",
       "  <thead>\n",
       "    <tr style=\"text-align: right;\">\n",
       "      <th></th>\n",
       "      <th>Population density</th>\n",
       "      <th>House/ Apartment</th>\n",
       "      <th>Office</th>\n",
       "      <th>Restaurant/ Café</th>\n",
       "      <th>Leisure/ Recreation</th>\n",
       "      <th>Hospital</th>\n",
       "      <th>Shops</th>\n",
       "      <th>Tram Stops</th>\n",
       "      <th>Bus stops</th>\n",
       "      <th>Train Station</th>\n",
       "      <th>count</th>\n",
       "    </tr>\n",
       "  </thead>\n",
       "  <tbody>\n",
       "    <tr>\n",
       "      <th>Population density</th>\n",
       "      <td>1.000000</td>\n",
       "      <td>0.213187</td>\n",
       "      <td>0.335917</td>\n",
       "      <td>0.410989</td>\n",
       "      <td>0.162232</td>\n",
       "      <td>-0.028199</td>\n",
       "      <td>0.416402</td>\n",
       "      <td>0.475248</td>\n",
       "      <td>0.667403</td>\n",
       "      <td>0.102940</td>\n",
       "      <td>0.424176</td>\n",
       "    </tr>\n",
       "    <tr>\n",
       "      <th>House/ Apartment</th>\n",
       "      <td>0.213187</td>\n",
       "      <td>1.000000</td>\n",
       "      <td>0.450836</td>\n",
       "      <td>0.358242</td>\n",
       "      <td>0.317797</td>\n",
       "      <td>0.697926</td>\n",
       "      <td>0.598025</td>\n",
       "      <td>0.314632</td>\n",
       "      <td>0.436124</td>\n",
       "      <td>0.274505</td>\n",
       "      <td>0.059341</td>\n",
       "    </tr>\n",
       "    <tr>\n",
       "      <th>Office</th>\n",
       "      <td>0.335917</td>\n",
       "      <td>0.450836</td>\n",
       "      <td>1.000000</td>\n",
       "      <td>0.861892</td>\n",
       "      <td>0.577663</td>\n",
       "      <td>0.741962</td>\n",
       "      <td>0.933187</td>\n",
       "      <td>0.307525</td>\n",
       "      <td>0.730901</td>\n",
       "      <td>0.224271</td>\n",
       "      <td>0.632054</td>\n",
       "    </tr>\n",
       "    <tr>\n",
       "      <th>Restaurant/ Café</th>\n",
       "      <td>0.410989</td>\n",
       "      <td>0.358242</td>\n",
       "      <td>0.861892</td>\n",
       "      <td>1.000000</td>\n",
       "      <td>0.515587</td>\n",
       "      <td>0.507582</td>\n",
       "      <td>0.863813</td>\n",
       "      <td>0.314632</td>\n",
       "      <td>0.614539</td>\n",
       "      <td>-0.022875</td>\n",
       "      <td>0.868132</td>\n",
       "    </tr>\n",
       "    <tr>\n",
       "      <th>Leisure/ Recreation</th>\n",
       "      <td>0.162232</td>\n",
       "      <td>0.317797</td>\n",
       "      <td>0.577663</td>\n",
       "      <td>0.515587</td>\n",
       "      <td>1.000000</td>\n",
       "      <td>0.647508</td>\n",
       "      <td>0.451290</td>\n",
       "      <td>0.474996</td>\n",
       "      <td>0.304021</td>\n",
       "      <td>0.247502</td>\n",
       "      <td>0.313353</td>\n",
       "    </tr>\n",
       "    <tr>\n",
       "      <th>Hospital</th>\n",
       "      <td>-0.028199</td>\n",
       "      <td>0.697926</td>\n",
       "      <td>0.741962</td>\n",
       "      <td>0.507582</td>\n",
       "      <td>0.647508</td>\n",
       "      <td>1.000000</td>\n",
       "      <td>0.738880</td>\n",
       "      <td>0.198787</td>\n",
       "      <td>0.418030</td>\n",
       "      <td>0.337530</td>\n",
       "      <td>0.162144</td>\n",
       "    </tr>\n",
       "    <tr>\n",
       "      <th>Shops</th>\n",
       "      <td>0.416402</td>\n",
       "      <td>0.598025</td>\n",
       "      <td>0.933187</td>\n",
       "      <td>0.863813</td>\n",
       "      <td>0.451290</td>\n",
       "      <td>0.738880</td>\n",
       "      <td>1.000000</td>\n",
       "      <td>0.208430</td>\n",
       "      <td>0.764718</td>\n",
       "      <td>0.161374</td>\n",
       "      <td>0.602454</td>\n",
       "    </tr>\n",
       "    <tr>\n",
       "      <th>Tram Stops</th>\n",
       "      <td>0.475248</td>\n",
       "      <td>0.314632</td>\n",
       "      <td>0.307525</td>\n",
       "      <td>0.314632</td>\n",
       "      <td>0.474996</td>\n",
       "      <td>0.198787</td>\n",
       "      <td>0.208430</td>\n",
       "      <td>1.000000</td>\n",
       "      <td>0.331863</td>\n",
       "      <td>0.452287</td>\n",
       "      <td>0.358636</td>\n",
       "    </tr>\n",
       "    <tr>\n",
       "      <th>Bus stops</th>\n",
       "      <td>0.667403</td>\n",
       "      <td>0.436124</td>\n",
       "      <td>0.730901</td>\n",
       "      <td>0.614539</td>\n",
       "      <td>0.304021</td>\n",
       "      <td>0.418030</td>\n",
       "      <td>0.764718</td>\n",
       "      <td>0.331863</td>\n",
       "      <td>1.000000</td>\n",
       "      <td>0.002293</td>\n",
       "      <td>0.548459</td>\n",
       "    </tr>\n",
       "    <tr>\n",
       "      <th>Train Station</th>\n",
       "      <td>0.102940</td>\n",
       "      <td>0.274505</td>\n",
       "      <td>0.224271</td>\n",
       "      <td>-0.022875</td>\n",
       "      <td>0.247502</td>\n",
       "      <td>0.337530</td>\n",
       "      <td>0.161374</td>\n",
       "      <td>0.452287</td>\n",
       "      <td>0.002293</td>\n",
       "      <td>1.000000</td>\n",
       "      <td>-0.226467</td>\n",
       "    </tr>\n",
       "    <tr>\n",
       "      <th>count</th>\n",
       "      <td>0.424176</td>\n",
       "      <td>0.059341</td>\n",
       "      <td>0.632054</td>\n",
       "      <td>0.868132</td>\n",
       "      <td>0.313353</td>\n",
       "      <td>0.162144</td>\n",
       "      <td>0.602454</td>\n",
       "      <td>0.358636</td>\n",
       "      <td>0.548459</td>\n",
       "      <td>-0.226467</td>\n",
       "      <td>1.000000</td>\n",
       "    </tr>\n",
       "  </tbody>\n",
       "</table>\n",
       "</div>"
      ],
      "text/plain": [
       "                     Population density  House/ Apartment    Office  \\\n",
       "Population density             1.000000          0.213187  0.335917   \n",
       "House/ Apartment               0.213187          1.000000  0.450836   \n",
       "Office                         0.335917          0.450836  1.000000   \n",
       "Restaurant/ Café               0.410989          0.358242  0.861892   \n",
       "Leisure/ Recreation            0.162232          0.317797  0.577663   \n",
       "Hospital                      -0.028199          0.697926  0.741962   \n",
       "Shops                          0.416402          0.598025  0.933187   \n",
       "Tram Stops                     0.475248          0.314632  0.307525   \n",
       "Bus stops                      0.667403          0.436124  0.730901   \n",
       "Train Station                  0.102940          0.274505  0.224271   \n",
       "count                          0.424176          0.059341  0.632054   \n",
       "\n",
       "                     Restaurant/ Café  Leisure/ Recreation  Hospital  \\\n",
       "Population density           0.410989             0.162232 -0.028199   \n",
       "House/ Apartment             0.358242             0.317797  0.697926   \n",
       "Office                       0.861892             0.577663  0.741962   \n",
       "Restaurant/ Café             1.000000             0.515587  0.507582   \n",
       "Leisure/ Recreation          0.515587             1.000000  0.647508   \n",
       "Hospital                     0.507582             0.647508  1.000000   \n",
       "Shops                        0.863813             0.451290  0.738880   \n",
       "Tram Stops                   0.314632             0.474996  0.198787   \n",
       "Bus stops                    0.614539             0.304021  0.418030   \n",
       "Train Station               -0.022875             0.247502  0.337530   \n",
       "count                        0.868132             0.313353  0.162144   \n",
       "\n",
       "                        Shops  Tram Stops  Bus stops  Train Station     count  \n",
       "Population density   0.416402    0.475248   0.667403       0.102940  0.424176  \n",
       "House/ Apartment     0.598025    0.314632   0.436124       0.274505  0.059341  \n",
       "Office               0.933187    0.307525   0.730901       0.224271  0.632054  \n",
       "Restaurant/ Café     0.863813    0.314632   0.614539      -0.022875  0.868132  \n",
       "Leisure/ Recreation  0.451290    0.474996   0.304021       0.247502  0.313353  \n",
       "Hospital             0.738880    0.198787   0.418030       0.337530  0.162144  \n",
       "Shops                1.000000    0.208430   0.764718       0.161374  0.602454  \n",
       "Tram Stops           0.208430    1.000000   0.331863       0.452287  0.358636  \n",
       "Bus stops            0.764718    0.331863   1.000000       0.002293  0.548459  \n",
       "Train Station        0.161374    0.452287   0.002293       1.000000 -0.226467  \n",
       "count                0.602454    0.358636   0.548459      -0.226467  1.000000  "
      ]
     },
     "execution_count": 30,
     "metadata": {},
     "output_type": "execute_result"
    }
   ],
   "source": [
    "df=pd.read_csv(r'C:\\Melbourne_Escooter\\RealDataset\\FinalResults\\SuburbWise\\August\\POI calculations\\POI raw counts.csv',encoding='ISO-8859-1')\n",
    "start_e1=pd.read_csv(r'C:\\Melbourne_Escooter\\RealDataset\\FinalResults\\SuburbWise\\August\\start\\__e1.csv')\n",
    "merge_e1=df.merge(start_e1, how='left', on='suburb')\n",
    "r_e1 = merge_e1.corr(method=\"spearman\")\n",
    "r_e1"
   ]
  },
  {
   "cell_type": "code",
   "execution_count": 31,
   "id": "5e9f1a39",
   "metadata": {},
   "outputs": [
    {
     "data": {
      "text/html": [
       "<div>\n",
       "<style scoped>\n",
       "    .dataframe tbody tr th:only-of-type {\n",
       "        vertical-align: middle;\n",
       "    }\n",
       "\n",
       "    .dataframe tbody tr th {\n",
       "        vertical-align: top;\n",
       "    }\n",
       "\n",
       "    .dataframe thead th {\n",
       "        text-align: right;\n",
       "    }\n",
       "</style>\n",
       "<table border=\"1\" class=\"dataframe\">\n",
       "  <thead>\n",
       "    <tr style=\"text-align: right;\">\n",
       "      <th></th>\n",
       "      <th>Population density</th>\n",
       "      <th>House/ Apartment</th>\n",
       "      <th>Office</th>\n",
       "      <th>Restaurant/ Café</th>\n",
       "      <th>Leisure/ Recreation</th>\n",
       "      <th>Hospital</th>\n",
       "      <th>Shops</th>\n",
       "      <th>Tram Stops</th>\n",
       "      <th>Bus stops</th>\n",
       "      <th>Train Station</th>\n",
       "      <th>count</th>\n",
       "    </tr>\n",
       "  </thead>\n",
       "  <tbody>\n",
       "    <tr>\n",
       "      <th>Population density</th>\n",
       "      <td>1.000000</td>\n",
       "      <td>0.213187</td>\n",
       "      <td>0.335917</td>\n",
       "      <td>0.410989</td>\n",
       "      <td>0.162232</td>\n",
       "      <td>-0.028199</td>\n",
       "      <td>0.416402</td>\n",
       "      <td>0.475248</td>\n",
       "      <td>0.667403</td>\n",
       "      <td>0.102940</td>\n",
       "      <td>0.503297</td>\n",
       "    </tr>\n",
       "    <tr>\n",
       "      <th>House/ Apartment</th>\n",
       "      <td>0.213187</td>\n",
       "      <td>1.000000</td>\n",
       "      <td>0.450836</td>\n",
       "      <td>0.358242</td>\n",
       "      <td>0.317797</td>\n",
       "      <td>0.697926</td>\n",
       "      <td>0.598025</td>\n",
       "      <td>0.314632</td>\n",
       "      <td>0.436124</td>\n",
       "      <td>0.274505</td>\n",
       "      <td>0.059341</td>\n",
       "    </tr>\n",
       "    <tr>\n",
       "      <th>Office</th>\n",
       "      <td>0.335917</td>\n",
       "      <td>0.450836</td>\n",
       "      <td>1.000000</td>\n",
       "      <td>0.861892</td>\n",
       "      <td>0.577663</td>\n",
       "      <td>0.741962</td>\n",
       "      <td>0.933187</td>\n",
       "      <td>0.307525</td>\n",
       "      <td>0.730901</td>\n",
       "      <td>0.224271</td>\n",
       "      <td>0.651944</td>\n",
       "    </tr>\n",
       "    <tr>\n",
       "      <th>Restaurant/ Café</th>\n",
       "      <td>0.410989</td>\n",
       "      <td>0.358242</td>\n",
       "      <td>0.861892</td>\n",
       "      <td>1.000000</td>\n",
       "      <td>0.515587</td>\n",
       "      <td>0.507582</td>\n",
       "      <td>0.863813</td>\n",
       "      <td>0.314632</td>\n",
       "      <td>0.614539</td>\n",
       "      <td>-0.022875</td>\n",
       "      <td>0.828571</td>\n",
       "    </tr>\n",
       "    <tr>\n",
       "      <th>Leisure/ Recreation</th>\n",
       "      <td>0.162232</td>\n",
       "      <td>0.317797</td>\n",
       "      <td>0.577663</td>\n",
       "      <td>0.515587</td>\n",
       "      <td>1.000000</td>\n",
       "      <td>0.647508</td>\n",
       "      <td>0.451290</td>\n",
       "      <td>0.474996</td>\n",
       "      <td>0.304021</td>\n",
       "      <td>0.247502</td>\n",
       "      <td>0.375579</td>\n",
       "    </tr>\n",
       "    <tr>\n",
       "      <th>Hospital</th>\n",
       "      <td>-0.028199</td>\n",
       "      <td>0.697926</td>\n",
       "      <td>0.741962</td>\n",
       "      <td>0.507582</td>\n",
       "      <td>0.647508</td>\n",
       "      <td>1.000000</td>\n",
       "      <td>0.738880</td>\n",
       "      <td>0.198787</td>\n",
       "      <td>0.418030</td>\n",
       "      <td>0.337530</td>\n",
       "      <td>0.145695</td>\n",
       "    </tr>\n",
       "    <tr>\n",
       "      <th>Shops</th>\n",
       "      <td>0.416402</td>\n",
       "      <td>0.598025</td>\n",
       "      <td>0.933187</td>\n",
       "      <td>0.863813</td>\n",
       "      <td>0.451290</td>\n",
       "      <td>0.738880</td>\n",
       "      <td>1.000000</td>\n",
       "      <td>0.208430</td>\n",
       "      <td>0.764718</td>\n",
       "      <td>0.161374</td>\n",
       "      <td>0.600240</td>\n",
       "    </tr>\n",
       "    <tr>\n",
       "      <th>Tram Stops</th>\n",
       "      <td>0.475248</td>\n",
       "      <td>0.314632</td>\n",
       "      <td>0.307525</td>\n",
       "      <td>0.314632</td>\n",
       "      <td>0.474996</td>\n",
       "      <td>0.198787</td>\n",
       "      <td>0.208430</td>\n",
       "      <td>1.000000</td>\n",
       "      <td>0.331863</td>\n",
       "      <td>0.452287</td>\n",
       "      <td>0.363037</td>\n",
       "    </tr>\n",
       "    <tr>\n",
       "      <th>Bus stops</th>\n",
       "      <td>0.667403</td>\n",
       "      <td>0.436124</td>\n",
       "      <td>0.730901</td>\n",
       "      <td>0.614539</td>\n",
       "      <td>0.304021</td>\n",
       "      <td>0.418030</td>\n",
       "      <td>0.764718</td>\n",
       "      <td>0.331863</td>\n",
       "      <td>1.000000</td>\n",
       "      <td>0.002293</td>\n",
       "      <td>0.636565</td>\n",
       "    </tr>\n",
       "    <tr>\n",
       "      <th>Train Station</th>\n",
       "      <td>0.102940</td>\n",
       "      <td>0.274505</td>\n",
       "      <td>0.224271</td>\n",
       "      <td>-0.022875</td>\n",
       "      <td>0.247502</td>\n",
       "      <td>0.337530</td>\n",
       "      <td>0.161374</td>\n",
       "      <td>0.452287</td>\n",
       "      <td>0.002293</td>\n",
       "      <td>1.000000</td>\n",
       "      <td>-0.242480</td>\n",
       "    </tr>\n",
       "    <tr>\n",
       "      <th>count</th>\n",
       "      <td>0.503297</td>\n",
       "      <td>0.059341</td>\n",
       "      <td>0.651944</td>\n",
       "      <td>0.828571</td>\n",
       "      <td>0.375579</td>\n",
       "      <td>0.145695</td>\n",
       "      <td>0.600240</td>\n",
       "      <td>0.363037</td>\n",
       "      <td>0.636565</td>\n",
       "      <td>-0.242480</td>\n",
       "      <td>1.000000</td>\n",
       "    </tr>\n",
       "  </tbody>\n",
       "</table>\n",
       "</div>"
      ],
      "text/plain": [
       "                     Population density  House/ Apartment    Office  \\\n",
       "Population density             1.000000          0.213187  0.335917   \n",
       "House/ Apartment               0.213187          1.000000  0.450836   \n",
       "Office                         0.335917          0.450836  1.000000   \n",
       "Restaurant/ Café               0.410989          0.358242  0.861892   \n",
       "Leisure/ Recreation            0.162232          0.317797  0.577663   \n",
       "Hospital                      -0.028199          0.697926  0.741962   \n",
       "Shops                          0.416402          0.598025  0.933187   \n",
       "Tram Stops                     0.475248          0.314632  0.307525   \n",
       "Bus stops                      0.667403          0.436124  0.730901   \n",
       "Train Station                  0.102940          0.274505  0.224271   \n",
       "count                          0.503297          0.059341  0.651944   \n",
       "\n",
       "                     Restaurant/ Café  Leisure/ Recreation  Hospital  \\\n",
       "Population density           0.410989             0.162232 -0.028199   \n",
       "House/ Apartment             0.358242             0.317797  0.697926   \n",
       "Office                       0.861892             0.577663  0.741962   \n",
       "Restaurant/ Café             1.000000             0.515587  0.507582   \n",
       "Leisure/ Recreation          0.515587             1.000000  0.647508   \n",
       "Hospital                     0.507582             0.647508  1.000000   \n",
       "Shops                        0.863813             0.451290  0.738880   \n",
       "Tram Stops                   0.314632             0.474996  0.198787   \n",
